2186362.450742669, 1093181.2253713345, 546591.0856863592, 273295.0698424876, 136648.00792193582,
68324.00396096791, 34162.001980483954, 17081.000990241977, 8540.500495120988, 4270.250247560494

http://10.42.7.62:8719/newmapserver4/ogc/jumindizhuji/wmts
[0.0013732916053918662, 0.0006866458026959448, 0.00034332290134796064,
0.00017166145067398504, 0.00008583072533699133, 0.00004291536266849566,
0.000021457681334248072, 0.000010728840667123916]

http://10.42.113.25:6080/arcgis/rest/services/hgreservoir/MapServer/WMTS
0.005493159324016606, 0.002746579662008303, 0.001373291019401876, 0.0006866443213032133,
0.0003433233490493313, 0.00017166167452466565, 0.00008583083726233283, 0.00004291541863116641,
0.000021457709315583206, 0.000010728854657791603

resolutions:
1.40625, 0.703125, 0.3515625, 0.17578125, 0.087890625, 0.0439453125,
0.02197265625, 0.010986328125, 0.0054931640625, 0.00274658203125,
0.001373291015625, 0.0006866455078125, 0.00034332275390625, 0.000171661376953125,
0.0000858306884765625, 0.00004291534423828125, 0.000021457672119140625, 0.000010728836059570312,
0.000005364418029785156, 0.000002682209014892578, 0.000001341104507446289, 6.705522537231445e-7

36978595, 18489298, 9244649, 4622324, 2311162, 1155581, 577790, 288895, 144447,
72223, 36111, 18055, 9028, 4514

http://10.42.113.25:6080/arcgis/rest/services/hgreservoir/MapServer/WMTS
0.005493152560039222, 0.002746576280019611, 0.0013732869516135443, 0.0006866434758067721,
0.00034332054950712474, 0.0001716590863573011, 0.00008582835478238926, 0.00004291298899493335,
0.00002145768289372796, 0.00001072884144686398

同一瓦片的区别
http://10.42.113.25:6080/arcgis/rest/services/hgreservoir/MapServer/export?F=image&FORMAT=PNG32&TRANSPARENT=true&SIZE=256%2C256&BBOX=115.67157582031251%2C30.046965390625004%2C115.67706898437501%2C30.052458554687504&BBOXSR=4326&IMAGESR=4326&DPI=90

http://10.42.113.25:6080/arcgis/rest/services/hgreservoir/MapServer/WMTS?layer=hgreservoir&style=default&tilematrixset=default028mm&Service=WMTS&Request=GetTile&Version=1.0.0&Format=image%2Fpng&TileMatrix=16&TileCol=53765&TileRow=10901

590995186.1175001, 295497593.05875003, 147748796.52937502, 73874398.264687508,
36937199.132343754, 18468599.566171877, 9234299.7830859385, 4617149.8915429693,
2308574.9457714846, 1154287.4728857423, 577143.73644287116,
288571.86822143558, 144285.93411071779, 72142.967055358895, 36071.483527679447,
18035.741763839724, 9017.8708819198619, 4508.9354409599309, 2254.4677204799655,
1127.2338602399827, 563.61693011999137

resolution = 0.0254 / dpi * scale / ((Math.PI * 2 * equatorialRadius) / 360)

equatorialRadius = 0.0254 / dpi * scale / resolution * 180 / Math.PI


591658710.9091313, 295829355.45456564, 147914677.72728282, 73957338.86364141,
36978669.431820706, 18489334.71591035, 9244667.357955176, 4622333.678977588,
2311166.839488794, 1155583.419744397, 577791.7098721985, 288895.85493609926,
144447.92746804963, 72223.96373402482, 36111.98186701241, 18055.990933506204,
9027.995466753102, 4513.997733376551, 2256.9988666882755, 1128.4994333441377,
564.2497166720689
